"origin" "dev" "mu" "sigma" "exp_cumulative" "sim_cumulative" "premium"
"1" 1 1 10.882236884009 0.0279637869336605 53243.3328319376 50145.2184306759 187498.552110236
"2" 2 1 11.0733032448232 0.0279637869336605 64453.1725098213 66529.634928341 209638.067805761
"3" 3 1 11.1298538615336 0.0279637869336605 68203.0693685947 67249.5452820185 217899.496097439
"4" 4 1 11.1520426096872 0.0279637869336605 69733.3245380214 71335.5665436524 218391.248298398
"5" 5 1 11.2525860311352 0.0279637869336605 77109.1336738646 76200.4532622714 234357.926976733
"6" 6 1 11.2265001886414 0.0279637869336605 75123.6855864683 75407.412724087 243614.500575093
"7" 7 1 11.0137896372506 0.0279637869336605 60729.2430082349 60923.301099993 216966.568939138
"8" 8 1 10.9800654038994 0.0279637869336605 58715.3452916034 60214.3097676745 197976.268108936
"9" 9 1 10.844064368353 0.0279637869336605 51249.203480852 51171.9870585367 192253.755976859
"10" 10 1 11.0096299750095 0.0279637869336605 60477.1545341006 61167.946635688 211541.731644815
"11" 11 1 11.1192672198525 0.0279637869336605 67484.8364569807 70564.4791387225 247891
"12" 1 2 11.5979327606104 0.00126212466699205 108872.587676265 108869.702910477 187498.552110236
"13" 2 2 11.701203333947 0.00126212466699205 120716.98650239 120628.352444813 209638.067805761
"14" 3 2 11.6956511413751 0.00126212466699205 120048.599769586 120410.048822139 217899.496097439
"15" 4 2 11.7553222650076 0.00126212466699205 127430.074964615 127456.023132923 218391.248298398
"16" 5 2 11.8903140498783 0.00126212466699205 145847.210071038 146032.645031482 234357.926976733
"17" 6 2 11.9568507482174 0.00126212466699205 155881.525331308 155886.717616877 243614.500575093
"18" 7 2 11.6544937402767 0.00126212466699205 115208.007774098 115047.557828829 216966.568939138
"19" 8 2 11.6978527278589 0.00126212466699205 120313.188294619 120050.520299369 197976.268108936
"20" 9 2 11.521060181371 0.00126212466699205 100816.869609144 100917.327165266 192253.755976859
"21" 10 2 11.6320016088098 0.00126212466699205 112645.658488316 112561.893828704 211541.731644815
"22" 1 3 11.6792585966684 0.00121026655023893 118096.731846851 118157.575733172 187498.552110236
"23" 2 3 11.8144109731794 0.00121026655023893 135186.651411328 135607.543861707 209638.067805761
"24" 3 3 11.7919138138805 0.00121026655023893 132179.291150784 132236.666387938 217899.496097439
"25" 4 3 11.8536604313444 0.00121026655023893 140598.15890543 140645.270149201 218391.248298398
"26" 5 3 11.9858519700045 0.00121026655023893 160468.461771429 160291.641401627 234357.926976733
"27" 6 3 12.0713505853266 0.00121026655023893 174791.88518499 174502.23433357 243614.500575093
"28" 7 3 11.720748082103 0.00121026655023893 123099.569434253 122880.03969813 216966.568939138
"29" 8 3 11.7933276767265 0.00121026655023893 132366.306715579 132031.543910452 197976.268108936
"30" 9 3 11.6412070384648 0.00121026655023893 113687.390357196 113701.597605908 192253.755976859
"31" 1 4 11.7240132109417 0.000774365005023481 123502.10886845 123434.780413753 187498.552110236
"32" 2 4 11.8365640279763 0.000774365005023481 138214.807193094 138325.176870804 209638.067805761
"33" 3 4 11.8443239422628 0.000774365005023481 139291.514425011 139283.376843541 217899.496097439
"34" 4 4 11.8999785639178 0.000774365005023481 147263.512607533 147157.830248803 218391.248298398
"35" 5 4 12.0371766816293 0.000774365005023481 168919.4041192 168785.026088468 234357.926976733
"36" 6 4 12.1092888051953 0.000774365005023481 181550.495300561 181683.612384376 243614.500575093
"37" 7 4 11.7852140428382 0.000774365005023481 131296.623318327 131293.908382124 216966.568939138
"38" 8 4 11.8280939244665 0.000774365005023481 137049.057449555 137061.779399249 197976.268108936
"39" 1 5 11.7595012249518 0.000677431000166595 127963.641837537 128075.392618215 187498.552110236
"40" 2 5 11.8625392482589 0.000677431000166595 141851.991230274 141986.84171684 209638.067805761
"41" 3 5 11.8765994267492 0.000677431000166595 143860.542753769 143759.415913861 217899.496097439
"42" 4 5 11.9049790606296 0.000677431000166595 148001.737136474 147993.281230634 218391.248298398
"43" 5 5 12.0535485963154 0.000677431000166595 171707.688706899 171834.531988039 234357.926976733
"44" 6 5 12.1534940463424 0.000677431000166595 189755.992502267 189903.493886978 243614.500575093
"45" 7 5 11.8214620183336 0.000677431000166595 136143.158591929 136295.316443665 216966.568939138
"46" 1 6 11.7647688964557 0.000528083390189615 128639.479199305 128620.064805589 187498.552110236
"47" 2 6 11.8726450668885 0.000528083390189615 143292.776788493 143254.481091082 209638.067805761
"48" 3 6 11.8959 0.000528083390189615 146664.088613414 146514.732976091 217899.496097439
"49" 4 6 11.9230631934956 0.000528083390189615 150702.554133022 150819.757572973 218391.248298398
"50" 5 6 12.060775602504 0.000528083390189615 172953.100601843 172940.931192822 234357.926976733
"51" 6 6 12.1652256971788 0.000528083390189615 191995.235695257 192026.621208613 243614.500575093
"52" 1 7 11.8035979816782 0.000392253332310744 133732.666300907 133727.317178848 187498.552110236
"53" 2 7 11.9086793347002 0.000392253332310744 148550.375942019 148625.103016817 209638.067805761
"54" 3 7 11.9111 0.000392253332310744 148910.402258138 148870.333464461 217899.496097439
"55" 4 7 11.9342 0.000392253332310744 152390.270286372 152306.825654854 218391.248298398
"56" 5 7 12.0800122115311 0.000392253332310744 176312.327340441 176259.910638457 234357.926976733
"57" 1 8 11.8298749932691 0.000264808941338845 137293.332403638 137249.550711706 187498.552110236
"58" 2 8 11.9294 0.000264808941338845 151660.543369477 151619.724201781 209638.067805761
"59" 3 8 11.9391 0.000264808941338845 153138.80863589 153126.077016672 217899.496097439
"60" 4 8 11.9567 0.000264808941338845 155857.909567382 155879.162113988 218391.248298398
"61" 1 9 11.8468071449649 0.000250381182940407 139637.79581274 139652.120921134 187498.552110236
"62" 2 9 11.9401 0.000250381182940407 153292.023469747 153318.707622418 209638.067805761
"63" 3 9 11.9526 0.000250381182940407 155220.199758527 155180.524322804 217899.496097439
"64" 1 10 11.8511 0.000119619216649047 140238.52574306 140224.85570512 187498.552110236
"65" 2 10 11.9455 0.000119619216649047 154122.035694254 154132.171263503 209638.067805761
"66" 1 11 11.8541806779208 0.0000595160127843108 140671.220871804 140668.359868585 187498.552110236
